epsMain = [[(5.3824+0i) (0+0i) (0+0i)]; [(0+0i) (5.3824+0i) (0+0i)]; [(0+0i) (0+0i) (4.9729+0i)]];

epsRot = [
    [(5.361678080979754+0i) (1.2363310059674358e-18+0i) (-0.08975649230506355+0i)];
    [(1.2363310059674358e-18+0i) (5.3824+0i) (5.355137924977405e-18+0i)];
    [(-0.08975649230506355+0i) (5.3551379249774174e-18+0i) (4.993621919020246+0i)]];

transMat  = [
    [0 -0.9743700647852352 0.224951054343865];
    [1 0 0];
    [0 0.224951054343865 0.9743700647852352]];

